[gd_scene load_steps=18 format=2]

[ext_resource path="res://scenes/GameManager.tscn" type="PackedScene" id=1]
[ext_resource path="res://DebugSphere.cs" type="Script" id=2]
[ext_resource path="res://GameplayCamera.cs" type="Script" id=3]
[ext_resource path="res://LuaLoader.cs" type="Script" id=4]
[ext_resource path="res://selection_square.tscn" type="PackedScene" id=5]
[ext_resource path="res://Icon3D.cs" type="Script" id=6]
[ext_resource path="res://SelectionSystem.cs" type="Script" id=7]
[ext_resource path="res://scenes/GameManager.cs" type="Script" id=8]
[ext_resource path="res://MeshIcon.cs" type="Script" id=9]
[ext_resource path="res://InputManager.cs" type="Script" id=10]
[ext_resource path="res://temp_scenes/HUD.tscn" type="PackedScene" id=11]
[ext_resource path="res://fogofwartesting/FogOfWar.tscn" type="PackedScene" id=16]
[ext_resource path="res://fogofwartesting/TestMovement.cs" type="Script" id=17]

[sub_resource type="GDScript" id=2]

[sub_resource type="SpatialMaterial" id=1]
flags_unshaded = true

[sub_resource type="QuadMesh" id=3]

[sub_resource type="ViewportTexture" id=16]
viewport_path = NodePath("FogOfWar/HighVisibility")

[node name="Main" type="Spatial"]
script = SubResource( 2 )

[node name="GameManager" parent="." instance=ExtResource( 1 )]
script = ExtResource( 8 )

[node name="LuaLoader" type="Node" parent="."]
script = ExtResource( 4 )

[node name="GameplayCamera" type="Camera" parent="."]
transform = Transform( 1, 0, 0, 0, 0.707107, 0.707107, 0, -0.707107, 0.707107, 0, 14.5959, 15.5959 )
current = true
fov = 25.8
script = ExtResource( 3 )

[node name="DebugSphere" type="CSGSphere" parent="."]
visible = false
material = SubResource( 1 )
script = ExtResource( 2 )

[node name="SelectionSystem" type="Node" parent="."]
script = ExtResource( 7 )
selection_square_scene = ExtResource( 5 )

[node name="active_cursor" parent="SelectionSystem" instance=ExtResource( 5 )]

[node name="icon" type="MeshInstance" parent="."]
transform = Transform( 1, 0, 0, 0, -0.907975, 0.419024, 0, -0.419024, -0.907975, 36.6761, 12.1712, 27.6394 )
mesh = SubResource( 3 )
script = ExtResource( 6 )

[node name="icon2" type="MeshInstance" parent="."]
transform = Transform( 1, 0, 0, 0, 0.70508, 0.709128, 0, -0.709128, 0.70508, 38.676, 12.1656, 27.6434 )
mesh = SubResource( 3 )
script = ExtResource( 6 )
PerformTrace = false

[node name="FogOfWar" parent="." instance=ExtResource( 16 )]

[node name="Node" type="Spatial" parent="."]
transform = Transform( 1, 0, 0, 0, 1, 0, 0, 0, 1, 0, 7.55476, 0 )
script = ExtResource( 9 )

[node name="CanvasLayer" type="CanvasLayer" parent="."]

[node name="viewport_tex_rect" type="TextureRect" parent="CanvasLayer"]
visible = false
margin_right = 1000.0
margin_bottom = 1000.0
rect_scale = Vector2( 0.5, 0.5 )
texture = SubResource( 16 )
stretch_mode = 1

[node name="HUD" parent="CanvasLayer" instance=ExtResource( 11 )]

[node name="DirectionalLight2" type="DirectionalLight" parent="."]
transform = Transform( 0.766044, 0.454519, -0.454519, 0, 0.707107, 0.707107, 0.642788, -0.541675, 0.541675, 0, 0, 0 )
shadow_enabled = true
shadow_color = Color( 0.47451, 0.47451, 0.47451, 1 )

[node name="InputManager" type="Node" parent="."]
script = ExtResource( 10 )

[node name="TestMovement" type="Node" parent="."]
script = ExtResource( 17 )

[editable path="FogOfWar"]
